logL = -4821.226600
AIC = 11420.453199
BIC = 14404.458398

count.K
76 81 55 

