logL = -4009.168228
AIC = 11998.336456
BIC = 18677.943143

count.K
13 32 46 63 35 23 

