logL = -5224.034502
AIC = 10928.069004
BIC = 11719.665172

count.K
105 95 

