logL = -5047.131942
AIC = 11014.263884
BIC = 12531.489873

count.K
48 92 60 

