0	1	(x)	1	:	0.282361	0.000000	0.717639
1	1	(x)	1	:	0.000000	0.947386	0.052614
2	1	(x)	1	:	0.000000	0.604116	0.395884
3	1	(x)	1	:	0.162770	0.146881	0.690349
4	1	(x)	1	:	0.048264	0.313188	0.638548
5	1	(x)	1	:	0.090983	0.240429	0.668588
6	1	(x)	1	:	0.326163	0.263808	0.410030
7	1	(x)	1	:	0.233438	0.142505	0.624057
8	1	(x)	1	:	0.095619	0.471567	0.432814
9	1	(x)	1	:	0.152440	0.325548	0.522012
10	1	(x)	1	:	0.189605	0.628700	0.181695
11	1	(x)	1	:	0.274236	0.070934	0.654830
12	1	(x)	1	:	0.178720	0.417105	0.404175
13	1	(x)	1	:	0.000000	0.740235	0.259765
14	1	(x)	1	:	0.140238	0.794428	0.065334
15	1	(x)	1	:	0.000000	1.000000	0.000000
16	1	(x)	1	:	0.000000	0.463960	0.536040
17	1	(x)	1	:	0.124838	0.000000	0.875162
18	1	(x)	1	:	0.000000	0.334939	0.665061
19	1	(x)	1	:	0.406890	0.167595	0.425516
20	1	(x)	1	:	0.057719	0.174148	0.768133
21	1	(x)	1	:	0.019843	0.451722	0.528435
22	1	(x)	1	:	0.232757	0.375386	0.391858
23	1	(x)	1	:	0.272248	0.000000	0.727752
24	1	(x)	1	:	0.254367	0.000000	0.745633
25	1	(x)	1	:	0.000000	0.658745	0.341255
26	1	(x)	1	:	0.475825	0.000000	0.524175
27	1	(x)	1	:	0.503151	0.418389	0.078459
28	1	(x)	1	:	0.362153	0.458571	0.179275
29	1	(x)	1	:	0.000000	0.000000	1.000000
30	1	(x)	1	:	0.450516	0.056004	0.493480
31	1	(x)	1	:	0.240912	0.697685	0.061404
32	1	(x)	1	:	0.459063	0.306500	0.234437
33	1	(x)	1	:	0.275683	0.000000	0.724317
34	1	(x)	1	:	0.137808	0.000036	0.862156
35	1	(x)	1	:	0.000000	0.000000	1.000000
36	1	(x)	1	:	0.045165	0.238523	0.716312
37	1	(x)	1	:	0.114492	0.000000	0.885508
38	1	(x)	1	:	0.413979	0.000000	0.586021
39	1	(x)	1	:	0.175865	0.543816	0.280319
40	1	(x)	1	:	0.091117	0.562481	0.346403
41	1	(x)	1	:	0.204749	0.174024	0.621226
42	1	(x)	1	:	0.122533	0.199051	0.678416
43	1	(x)	1	:	0.159236	0.286272	0.554491
44	1	(x)	1	:	0.289837	0.000000	0.710163
45	1	(x)	1	:	0.125089	0.686445	0.188466
46	1	(x)	1	:	0.527134	0.000000	0.472866
47	1	(x)	1	:	0.237141	0.000000	0.762859
48	1	(x)	1	:	0.160547	0.538785	0.300668
49	1	(x)	1	:	0.102095	0.368925	0.528980
50	2	(x)	2	:	0.533095	0.184663	0.282241
51	2	(x)	2	:	0.279103	0.000000	0.720897
52	2	(x)	2	:	0.000944	0.694392	0.304663
53	2	(x)	2	:	0.219251	0.499032	0.281717
54	2	(x)	2	:	0.076020	0.671337	0.252644
55	2	(x)	2	:	0.033701	0.831781	0.134518
56	2	(x)	2	:	0.258821	0.408842	0.332337
57	2	(x)	2	:	0.523987	0.000000	0.476013
58	2	(x)	2	:	0.229741	0.097986	0.672272
59	2	(x)	2	:	0.497275	0.288724	0.214001
60	2	(x)	2	:	0.027339	0.767678	0.204983
61	2	(x)	2	:	0.286583	0.713396	0.000021
62	2	(x)	2	:	0.495186	0.476454	0.028360
63	2	(x)	2	:	0.166338	0.832809	0.000853
64	2	(x)	2	:	0.169286	0.655943	0.174771
65	2	(x)	2	:	0.237601	0.191142	0.571256
66	2	(x)	2	:	0.182660	0.444149	0.373191
67	2	(x)	2	:	0.297555	0.572277	0.130168
68	2	(x)	2	:	0.086406	0.339855	0.573739
69	2	(x)	2	:	0.014779	0.527129	0.458091
70	2	(x)	2	:	0.000000	0.664524	0.335476
71	2	(x)	2	:	0.121309	0.761300	0.117392
72	2	(x)	2	:	0.001609	0.573907	0.424484
73	2	(x)	2	:	0.136441	0.422773	0.440785
74	2	(x)	2	:	0.158671	0.612168	0.229162
75	2	(x)	2	:	0.296723	0.367766	0.335510
76	2	(x)	2	:	0.347926	0.509705	0.142369
77	2	(x)	2	:	0.552051	0.394601	0.053348
78	2	(x)	2	:	0.071380	0.408770	0.519850
79	2	(x)	2	:	0.257848	0.455855	0.286297
80	2	(x)	2	:	0.334409	0.662524	0.003067
81	2	(x)	2	:	0.071394	0.528513	0.400093
82	2	(x)	2	:	0.095626	0.532899	0.371475
83	2	(x)	2	:	0.425149	0.411893	0.162958
84	2	(x)	2	:	0.172171	0.549398	0.278431
85	2	(x)	2	:	0.166295	0.577500	0.256204
86	2	(x)	2	:	0.542935	0.288788	0.168277
87	2	(x)	2	:	0.169748	0.830252	0.000000
88	2	(x)	2	:	0.000000	0.215379	0.784621
89	2	(x)	2	:	0.206880	0.242818	0.550302
90	2	(x)	2	:	0.000000	0.760348	0.239652
91	2	(x)	2	:	0.020761	0.826030	0.153209
92	2	(x)	2	:	0.105972	0.459450	0.434578
93	2	(x)	2	:	0.338927	0.171028	0.490046
94	2	(x)	2	:	0.000000	1.000000	0.000000
95	2	(x)	2	:	0.181052	0.454274	0.364674
96	2	(x)	2	:	0.413364	0.199089	0.387548
97	2	(x)	2	:	0.154399	0.644586	0.201015
98	2	(x)	2	:	0.411768	0.111024	0.477208
99	2	(x)	2	:	0.000000	1.000000	0.000000
100	3	(x)	3	:	0.220507	0.779493	0.000000
101	3	(x)	3	:	0.160048	0.693164	0.146788
102	3	(x)	3	:	0.241920	0.758080	0.000000
103	3	(x)	3	:	0.133787	0.720804	0.145410
104	3	(x)	3	:	0.489642	0.273332	0.237026
105	3	(x)	3	:	0.470273	0.359785	0.169941
106	3	(x)	3	:	0.131935	0.715174	0.152891
107	3	(x)	3	:	0.459237	0.236896	0.303867
108	3	(x)	3	:	0.000000	1.000000	0.000000
109	3	(x)	3	:	0.000000	0.890777	0.109223
110	3	(x)	3	:	0.471033	0.528967	0.000000
111	3	(x)	3	:	0.269617	0.271137	0.459246
112	3	(x)	3	:	0.409313	0.479584	0.111103
113	3	(x)	3	:	0.787134	0.199498	0.013368
114	3	(x)	3	:	0.000032	0.740923	0.259046
115	3	(x)	3	:	0.357360	0.093906	0.548734
116	3	(x)	3	:	0.038364	0.571554	0.390082
117	3	(x)	3	:	0.000001	0.999999	0.000000
118	3	(x)	3	:	0.581444	0.418556	0.000000
119	3	(x)	3	:	0.415744	0.365772	0.218484
120	3	(x)	3	:	0.128602	0.628426	0.242972
121	3	(x)	3	:	0.248290	0.631271	0.120439
122	3	(x)	3	:	0.622341	0.377659	0.000000
123	3	(x)	3	:	0.229915	0.469717	0.300368
124	3	(x)	3	:	0.266846	0.428008	0.305145
125	3	(x)	3	:	0.337546	0.517205	0.145249
126	3	(x)	3	:	0.027022	0.280753	0.692225
127	3	(x)	3	:	0.269767	0.730233	0.000000
128	3	(x)	3	:	0.269644	0.730356	0.000000
129	3	(x)	3	:	0.202742	0.683357	0.113901
130	3	(x)	3	:	0.214740	0.521618	0.263642
131	3	(x)	3	:	0.160478	0.632841	0.206681
132	3	(x)	3	:	0.364937	0.347427	0.287636
133	3	(x)	3	:	0.344229	0.123618	0.532154
134	3	(x)	3	:	0.342082	0.657918	0.000001
135	3	(x)	3	:	0.402796	0.578574	0.018630
136	3	(x)	3	:	0.353878	0.645828	0.000294
137	3	(x)	3	:	0.348025	0.381919	0.270057
138	3	(x)	3	:	0.306209	0.693791	0.000000
139	3	(x)	3	:	0.193586	0.648563	0.157851
140	3	(x)	3	:	0.649243	0.350757	0.000000
141	3	(x)	3	:	0.484713	0.515135	0.000153
142	3	(x)	3	:	0.567509	0.432491	0.000000
143	3	(x)	3	:	0.083486	0.459790	0.456724
144	3	(x)	3	:	0.409158	0.400451	0.190391
145	3	(x)	3	:	0.565360	0.434640	0.000000
146	3	(x)	3	:	0.351513	0.648487	0.000000
147	3	(x)	3	:	0.422080	0.249118	0.328801
148	3	(x)	3	:	0.261136	0.593611	0.145253
149	3	(x)	3	:	0.181968	0.417647	0.400385
150	4	(x)	4	:	0.199588	0.556043	0.244369
151	4	(x)	4	:	0.620778	0.078081	0.301141
152	4	(x)	4	:	0.432399	0.567601	0.000000
153	4	(x)	4	:	0.762064	0.204861	0.033075
154	4	(x)	4	:	0.511972	0.375343	0.112685
155	4	(x)	4	:	0.634793	0.143541	0.221667
156	4	(x)	4	:	0.578269	0.060421	0.361310
157	4	(x)	4	:	0.745581	0.161420	0.092999
158	4	(x)	4	:	0.595865	0.265203	0.138932
159	4	(x)	4	:	0.736381	0.263619	0.000000
160	4	(x)	4	:	0.402744	0.339760	0.257496
161	4	(x)	4	:	0.487326	0.512674	0.000000
162	4	(x)	4	:	0.581737	0.294159	0.124105
163	4	(x)	4	:	0.172664	0.827336	0.000000
164	4	(x)	4	:	0.682179	0.000000	0.317821
165	4	(x)	4	:	0.426672	0.453349	0.119980
166	4	(x)	4	:	0.459641	0.426370	0.113989
167	4	(x)	4	:	0.273201	0.446860	0.279939
168	4	(x)	4	:	0.412314	0.196142	0.391544
169	4	(x)	4	:	0.369411	0.371131	0.259458
170	4	(x)	4	:	0.322357	0.528847	0.148796
171	4	(x)	4	:	0.354171	0.126224	0.519605
172	4	(x)	4	:	0.488773	0.091894	0.419332
173	4	(x)	4	:	0.301657	0.267017	0.431326
174	4	(x)	4	:	0.241498	0.758502	0.000000
175	4	(x)	4	:	0.356604	0.065923	0.577473
176	4	(x)	4	:	0.547562	0.320643	0.131794
177	4	(x)	4	:	0.693043	0.000000	0.306957
178	4	(x)	4	:	0.248183	0.495969	0.255848
179	4	(x)	4	:	0.313392	0.000000	0.686608
180	4	(x)	4	:	0.259957	0.284867	0.455175
181	4	(x)	4	:	0.536587	0.112576	0.350837
182	4	(x)	4	:	0.437948	0.000000	0.562052
183	4	(x)	4	:	0.454349	0.000000	0.545651
184	4	(x)	4	:	0.288159	0.355100	0.356740
185	4	(x)	4	:	1.000000	0.000000	0.000000
186	4	(x)	4	:	0.430212	0.000000	0.569788
187	4	(x)	4	:	0.393108	0.123161	0.483732
188	4	(x)	4	:	0.324270	0.393966	0.281764
189	4	(x)	4	:	0.525023	0.338980	0.135997
190	4	(x)	4	:	0.547835	0.196332	0.255833
191	4	(x)	4	:	0.714990	0.000000	0.285010
192	4	(x)	4	:	0.464234	0.452020	0.083746
193	4	(x)	4	:	0.537109	0.462541	0.000349
194	4	(x)	4	:	0.419694	0.094688	0.485618
195	4	(x)	4	:	0.489812	0.271029	0.239159
196	4	(x)	4	:	0.373637	0.000000	0.626363
197	4	(x)	4	:	0.338352	0.266851	0.394797
198	4	(x)	4	:	0.151312	0.326733	0.521955
199	4	(x)	4	:	0.715342	0.079995	0.204662
